1,1484669167396
2,1484669167853
3,1484669167919
4,1484669167994
5,1484669168064
6,1484669168132
7,1484669168198
8,1484669168244
9,1484669168278
10,1484669168314
11,1484669168350
12,1484669168386
13,1484669168422
14,1484669168458
15,1484669168493
16,1484669168529
17,1484669168565
18,1484669168602
19,1484669168638
20,1484669168677
21,1484669168710
22,1484669168743
23,1484669168778
24,1484669168814
25,1484669168849
26,1484669168885
27,1484669168921
28,1484669168957
29,1484669168992
30,1484669169028
31,1484669169064
32,1484669169099
33,1484669169134
34,1484669169170
35,1484669169206
36,1484669169241
37,1484669169277
38,1484669169313
39,1484669169349
40,1484669169384
41,1484669169420
42,1484669169453
43,1484669169486
44,1484669169522
45,1484669169558
46,1484669169594
47,1484669169630
48,1484669169667
49,1484669169702
50,1484669169738
