2	-0.515407	-0.844953	-0.142861	300	100
3	-0.515407	-0.844953	-0.142861	300	100
4	-0.210073	-0.944918	0.236462	300	100
5	-0.0372307	-0.866118	-0.528143	300	100
6	-0.0372307	-0.866118	-0.528143	300	100
7	-0.0372307	-0.866118	-0.528143	300	100
8	0.0543119	-1.34045	-0.865754	300	100
9	0.0543119	-1.34045	-0.865754	300	100
10	0.738529	-1.23022	-1.24979	300	99
11	0.738529	-1.23022	-1.24979	300	99
12	0.738529	-1.23022	-1.24979	300	99
13	0.603943	-1.83187	-1.75337	300	99
14	0.603943	-1.83187	-1.75337	300	99
15	0.585776	-1.37368	-1.68956	300	99
16	0.585776	-1.37368	-1.68956	300	99
17	0.585776	-1.37368	-1.68956	300	99
18	0.585776	-1.37368	-1.68956	300	99
19	0.585776	-1.37368	-1.68956	300	99
20	0.157905	-1.13509	-1.97657	300	99
21	0.157905	-1.13509	-1.97657	300	99
22	0.157905	-1.13509	-1.97657	300	99
23	0.157905	-1.13509	-1.97657	300	99
24	-0.582019	-1.41547	-1.86882	300	99
25	0.0295839	-1.18906	-1.47057	300	99
26	0.453301	-1.27197	-1.65356	300	99
27	0.453301	-1.27197	-1.65356	300	99
28	0.981249	-1.16655	-1.8359	300	99
29	0.981249	-1.16655	-1.8359	300	99
30	0.75735	-1.7195	-1.35149	300	99
31	0.448857	-1.69619	-1.25339	300	99
32	0.0726109	-2.03213	-1.01523	300	99
33	0.0472531	-2.60694	-0.762034	300	100
34	0.0472531	-2.60694	-0.762034	300	100
35	-0.279194	-2.30044	-1.05895	300	99
36	-0.279194	-2.30044	-1.05895	300	99
37	-0.133496	-2.64727	-0.728366	300	100
38	-0.787698	-2.36552	-0.646949	300	100
39	-0.787698	-2.36552	-0.646949	300	100
40	-0.787698	-2.36552	-0.646949	300	100
41	-0.787698	-2.36552	-0.646949	300	100
42	-0.787698	-2.36552	-0.646949	300	100
43	-0.787698	-2.36552	-0.646949	300	100
44	-0.787698	-2.36552	-0.646949	300	100
45	-1.56328	-2.26197	-0.489872	299	100
46	-1.56328	-2.26197	-0.489872	299	100
47	-2.34662	-2.30848	-0.361216	298	100
48	-2.33183	-2.434	-0.316845	298	100
49	-3.13063	-2.40982	-0.309423	297	100
50	-3.13063	-2.40982	-0.309423	297	100
51	-3.13063	-2.40982	-0.309423	297	100
52	-3.13063	-2.40982	-0.309423	297	100
53	-3.13063	-2.40982	-0.309423	297	100
54	-3.12559	-2.43053	-0.294229	297	100
55	-3.12559	-2.43053	-0.294229	297	100
56	-3.12559	-2.43053	-0.294229	297	100
57	-2.60583	-2.51998	0.306967	298	100
58	-2.41686	-2.49662	1.08129	298	101
59	-2.41686	-2.49662	1.08129	298	101
60	-3.09922	-2.89003	1.20965	297	101
61	-3.10419	-2.87542	1.20879	297	101
62	-3.10419	-2.87542	1.20879	297	101
63	-3.10419	-2.87542	1.20879	297	101
64	-3.10419	-2.87542	1.20879	297	101
65	-3.10419	-2.87542	1.20879	297	101
66	-3.10419	-2.87542	1.20879	297	101
67	-3.10714	-3.00605	1.97395	297	101
68	-3.03963	-3.10061	2.70797	297	102
69	-3.03963	-3.10061	2.70797	297	102
70	-3.03963	-3.10061	2.70797	297	102
71	-3.03963	-3.10061	2.70797	297	102
72	-3.03963	-3.10061	2.70797	297	102
73	-3.30983	-2.97626	3.11988	297	103
74	-3.30983	-2.97626	3.11988	297	103
75	-3.76671	-3.00892	3.48507	297	103
76	-4.32126	-2.90193	3.9785	296	103
77	-4.36192	-2.93975	4.56373	296	104
78	-4.36192	-2.93975	4.56373	296	104
79	-4.60979	-2.48883	4.45449	296	104
80	-4.9261	-2.28434	4.80505	296	104
81	-5.23164	-2.1827	5.0719	295	105
82	-5.43439	-1.65999	4.875	295	104
83	-5.43439	-1.65999	4.875	295	104
84	-5.43439	-1.65999	4.875	295	104
85	-5.43439	-1.65999	4.875	295	104
86	-5.43439	-1.65999	4.875	295	104
87	-5.43439	-1.65999	4.875	295	104
88	-5.77563	-1.49313	5.24109	295	105
89	-5.77563	-1.49313	5.24109	295	105
90	-5.77563	-1.49313	5.24109	295	105
91	-6.10209	-1.35484	5.6605	294	105
92	-6.10209	-1.35484	5.6605	294	105
93	-6.43094	-1.20203	6.07279	294	106
94	-6.58796	-1.2958	6.55656	294	106
95	-6.70562	-1.55621	6.9478	294	106
96	-6.93335	-1.32684	7.15661	294	107
97	-7.19904	-1.48054	7.78676	293	107
98	-7.37049	-1.57386	8.12576	293	108
99	-7.33188	-1.10168	8.08597	293	108
100	-7.33188	-1.10168	8.08597	293	108
101	-7.29465	-0.649825	7.99106	293	107
102	-6.9861	-0.0947686	8.44945	294	108
103	-7.603	-0.361915	8.88264	293	108
104	-7.70372	-0.268258	9.33856	293	109
105	-8.00289	-0.870264	8.95023	292	108
106	-8.00289	-0.870264	8.95023	292	108
107	-7.91928	-1.2321	9.41206	293	109
108	-8.34438	-1.62999	9.95451	292	109
109	-8.22521	-1.62914	10.743	292	110
110	-8.22521	-1.62914	10.743	292	110
111	-8.13406	-1.31568	11.4702	292	111
112	-8.11128	-1.35075	11.4484	292	111
113	-7.94026	-1.92434	11.1098	293	111
114	-7.65683	-1.9535	11.7067	293	111
115	-7.81495	-2.28056	11.6991	293	111
116	-8.15323	-2.25253	12.1866	292	112
117	-8.15323	-2.25253	12.1866	292	112
118	-8.72548	-2.16747	12.7389	292	112
119	-9.08261	-2.44616	13.0916	291	113
120	-9.64988	-2.23387	13.6141	291	113
121	-10.1716	-2.21436	14.2024	290	114
122	-10.6557	-2.33253	14.713	290	114
123	-10.6557	-2.33253	14.713	290	114
124	-10.7052	-3.0666	14.4212	290	114
125	-10.7052	-3.0666	14.4212	290	114
126	-10.6713	-2.3198	14.6968	290	114
127	-10.6583	-1.5556	14.9132	290	114
128	-10.5692	-0.775125	15.0493	290	115
129	-10.5127	-0.501139	15.511	290	115
130	-10.4232	0.281428	15.6498	290	115
131	-10.3372	1.06035	15.8065	290	115
132	-10.3372	1.06035	15.8065	290	115
133	-10.3396	1.83823	15.9835	290	115
134	-10.2362	2.56512	16.2956	290	116
135	-10.0819	3.33417	16.4514	290	116
136	-9.96782	4.12161	16.5342	291	116
137	-9.83526	4.90097	16.4377	291	116
138	-9.59725	5.65704	16.5363	291	116
139	-9.87143	4.92999	16.4432	291	116
140	-9.87143	4.92999	16.4432	291	116
141	-9.87143	4.92999	16.4432	291	116
142	-10.1514	4.30821	16.0453	290	116
143	-9.99987	5.02899	15.7337	291	115
144	-9.99987	5.02899	15.7337	291	115
145	-9.46321	5.27385	15.2849	291	115
146	-10.0533	5.0565	14.7968	290	114
147	-10.0533	5.0565	14.7968	290	114
148	-10.1979	4.5043	14.2676	290	114
149	-10.777	4.64964	13.9152	290	113
150	-10.777	4.64964	13.9152	290	113
151	-10.643	4.77039	13.8943	290	113
152	-10.643	4.77039	13.8943	290	113
153	-10.643	4.77039	13.8943	290	113
154	-10.711	4.85341	13.5321	290	113
155	-10.711	4.85341	13.5321	290	113
156	-10.711	4.85341	13.5321	290	113
157	-10.2291	4.69732	13.4393	290	113
158	-10.2291	4.69732	13.4393	290	113
159	-9.89705	4.60229	13.9462	291	113
160	-9.89705	4.60229	13.9462	291	113
161	-9.66112	4.43306	14.4466	291	114
162	-9.49181	4.21142	14.8749	291	114
163	-9.94746	4.74208	14.5418	291	114
164	-9.94746	4.74208	14.5418	291	114
165	-9.94746	4.74208	14.5418	291	114
166	-9.94746	4.74208	14.5418	291	114
167	-9.94746	4.74208	14.5418	291	114
168	-9.94746	4.74208	14.5418	291	114
169	-9.49288	4.42535	14.2839	291	114
170	-9.49288	4.42535	14.2839	291	114
171	-9.49288	4.42535	14.2839	291	114
172	-9.1558	3.71295	14.4128	291	114
173	-9.1558	3.71295	14.4128	291	114
174	-8.94018	2.96038	14.5672	292	114
175	-8.94018	2.96038	14.5672	292	114
176	-8.94018	2.96038	14.5672	292	114
177	-8.94018	2.96038	14.5672	292	114
178	-8.94018	2.96038	14.5672	292	114
179	-8.94018	2.96038	14.5672	292	114
180	-8.67642	2.28283	14.8242	292	114
181	-8.67642	2.28283	14.8242	292	114
182	-8.67642	2.28283	14.8242	292	114
183	-8.32972	1.57547	14.9598	292	114
184	-8.32972	1.57547	14.9598	292	114
185	-8.32972	1.57547	14.9598	292	114
186	-8.12185	0.812437	15.0715	292	115
187	-8.12185	0.812437	15.0715	292	115
188	-8.12185	0.812437	15.0715	292	115
189	-8.35056	0.310774	15.0925	292	115
190	-8.35056	0.310774	15.0925	292	115
191	-8.07083	0.0546095	14.9383	292	114
192	-8.07083	0.0546095	14.9383	292	114
193	-8.07083	0.0546095	14.9383	292	114
194	-8.07083	0.0546095	14.9383	292	114
195	-8.07083	0.0546095	14.9383	292	114
196	-7.42978	-0.271446	14.6155	293	114
197	-6.72987	-0.481392	14.3346	294	114
198	-6.72987	-0.481392	14.3346	294	114
199	-6.72987	-0.481392	14.3346	294	114
200	-6.72987	-0.481392	14.3346	294	114
201	-6.72987	-0.481392	14.3346	294	114
202	-6.72987	-0.481392	14.3346	294	114
203	-6.72987	-0.481392	14.3346	294	114
204	-6.72987	-0.481392	14.3346	294	114
205	-6.72987	-0.481392	14.3346	294	114
206	-7.17242	-0.0208006	13.9031	293	113
207	-7.59255	0.439196	13.402	293	113
208	-7.59255	0.439196	13.402	293	113
209	-7.61129	0.422854	13.4068	293	113
210	-7.65465	0.405796	13.4294	293	113
211	-7.65465	0.405796	13.4294	293	113
212	-8.08926	0.889535	12.966	292	112
213	-8.08926	0.889535	12.966	292	112
214	-8.08926	0.889535	12.966	292	112
215	-7.47115	0.462828	12.6932	293	112
216	-7.47115	0.462828	12.6932	293	112
217	-6.83117	0.315149	12.2598	294	112
218	-6.83117	0.315149	12.2598	294	112
219	-6.83117	0.315149	12.2598	294	112
220	-6.83117	0.315149	12.2598	294	112
221	-6.83117	0.315149	12.2598	294	112
222	-6.83117	0.315149	12.2598	294	112
223	-6.76701	-0.00344199	12.1039	294	112
224	-6.32991	0.338473	12.0509	294	112
225	-6.29827	0.331941	12.0144	294	112
226	-6.29827	0.331941	12.0144	294	112
227	-5.96443	0.839807	11.8722	295	111
228	-5.46689	1.4015	12.1494	295	112
229	-5.46689	1.4015	12.1494	295	112
230	-5.46689	1.4015	12.1494	295	112
231	-5.46689	1.4015	12.1494	295	112
232	-5.46689	1.4015	12.1494	295	112
233	-5.46689	1.4015	12.1494	295	112
234	-5.46689	1.4015	12.1494	295	112
235	-5.46689	1.4015	12.1494	295	112
236	-5.45512	1.40149	12.1391	295	112
237	-5.41077	1.91033	12.1527	295	112
238	-5.41077	1.91033	12.1527	295	112
239	-5.41077	1.91033	12.1527	295	112
240	-5.41077	1.91033	12.1527	295	112
241	-4.97833	2.37056	12.6334	296	112
242	-4.74621	2.75448	12.4633	296	112
243	-4.74621	2.75448	12.4633	296	112
244	-4.74621	2.75448	12.4633	296	112
245	-4.66891	2.87239	12.2614	296	112
246	-4.66891	2.87239	12.2614	296	112
247	-4.66891	2.87239	12.2614	296	112
248	-5.36473	2.65045	12.4822	295	112
249	-5.36473	2.65045	12.4822	295	112
250	-5.36473	2.65045	12.4822	295	112
251	-5.36473	2.65045	12.4822	295	112
252	-5.36473	2.65045	12.4822	295	112
253	-5.35423	2.64811	12.4733	295	112
254	-5.35423	2.64811	12.4733	295	112
255	-5.35423	2.64811	12.4733	295	112
256	-5.35423	2.64811	12.4733	295	112
257	-5.35423	2.64811	12.4733	295	112
258	-5.35423	2.64811	12.4733	295	112
259	-5.27423	3.05292	12.6256	295	112
260	-5.24682	3.69799	12.8415	295	112
261	-5.92439	3.35158	12.9949	295	112
262	-5.42935	3.89757	12.9654	295	112
263	-5.38567	3.87713	12.4573	295	112
264	-5.38567	3.87713	12.4573	295	112
265	-5.38567	3.87713	12.4573	295	112
266	-4.6184	4.01077	12.6108	296	112
267	-4.81869	4.3495	12.1426	296	112
268	-4.81869	4.3495	12.1426	296	112
269	-5.25296	4.01541	11.7675	295	111
270	-5.13391	3.96064	11.7983	295	111
271	-5.13391	3.96064	11.7983	295	111
272	-4.82295	3.68507	11.1155	296	111
273	-4.48984	3.36117	10.4724	296	110
274	-4.2008	3.9701	10.0688	296	110
275	-4.2008	3.9701	10.0688	296	110
276	-3.88735	3.63745	9.41319	297	109
277	-3.88735	3.63745	9.41319	297	109
278	-3.88735	3.63745	9.41319	297	109
279	-3.88735	3.63745	9.41319	297	109
280	-3.88735	3.63745	9.41319	297	109
281	-3.88302	3.06176	9.24905	297	109
282	-3.88302	3.06176	9.24905	297	109
283	-3.88302	3.06176	9.24905	297	109
284	-3.88302	3.06176	9.24905	297	109
285	-3.78207	2.4833	9.10737	297	109
286	-3.35453	2.27421	8.47201	297	108
287	-3.33106	1.77699	8.29191	297	108
288	-2.97052	1.59132	7.60247	298	107
289	-3.12619	1.52089	7.21722	297	107
290	-2.70805	1.18509	6.62598	298	106
291	-2.51158	1.68058	6.03915	298	106
292	-2.11221	1.23755	5.51255	298	105
293	-1.80145	0.792765	4.93156	299	104
294	-1.43925	0.530713	4.26888	299	104
295	-1.43925	0.530713	4.26888	299	104
296	-1.43925	0.530713	4.26888	299	104
297	-1.43925	0.530713	4.26888	299	104
298	-1.43925	0.530713	4.26888	299	104
299	-1.43925	0.530713	4.26888	299	104
300	-1.25134	0.792651	3.53974	299	103
301	-0.823702	0.841925	2.86688	300	102
302	-0.365257	0.981013	2.22646	300	102
303	0.0603161	1.02849	1.55233	300	101
304	0.579246	1.00107	0.944622	300	100
305	1.13178	1.16111	0.390059	301	100
306	1.13178	1.16111	0.390059	301	100
307	1.13178	1.16111	0.390059	301	100
308	1.13178	1.16111	0.390059	301	100
309	1.04036	1.30434	-0.0119149	301	100
310	1.04036	1.30434	-0.0119149	301	100
311	1.57	1.46133	-0.5903	301	100
312	1.57	1.46133	-0.5903	301	100
313	2.02573	1.6023	-1.23243	302	99
314	2.50625	1.75161	-1.8518	302	99
315	2.96664	1.86833	-2.49355	302	98
316	3.44314	1.97889	-3.12652	303	97
317	3.9546	2.0347	-3.7378	303	97
318	3.9546	2.0347	-3.7378	303	97
319	4.46784	2.17702	-4.33053	304	96
320	5.11831	2.0879	-4.49985	305	96
321	5.11831	2.0879	-4.49985	305	96
322	5.31239	2.28345	-5.24793	305	95
323	5.31239	2.28345	-5.24793	305	95
324	5.49734	2.53252	-5.98414	305	95
325	5.65631	2.78117	-6.7235	305	94
326	5.85029	3.03371	-7.45474	305	93
327	6.35716	3.02357	-8.07358	306	92
328	6.81285	3.01862	-8.73092	306	92
329	7.25	3.06645	-9.39889	307	91
330	7.69748	3.05551	-10.0617	307	90
331	8.12272	3.09757	-10.7378	308	90
332	8.53926	3.09858	-11.4205	308	89
333	8.93951	3.10408	-12.1132	308	88
334	9.44062	3.12853	-12.7359	309	88
335	9.84303	3.17507	-13.4246	309	87
336	9.84303	3.17507	-13.4246	309	87
337	10.1622	3.20072	-14.0764	310	86
338	10.1622	3.20072	-14.0764	310	86
339	10.267	3.28336	-14.8561	310	86
340	10.0953	2.63774	-15.2926	310	85
341	9.67803	2.13149	-15.7219	309	85
342	9.67803	2.13149	-15.7219	309	85
343	9.91384	1.82319	-16.2901	309	84
344	9.91384	1.82319	-16.2901	309	84
345	10.0625	1.65699	-16.9252	310	84
346	9.95859	1.00417	-17.3441	309	83
347	9.52805	0.723856	-17.2623	309	83
348	9.12672	0.478321	-17.2761	309	83
349	9.12672	0.478321	-17.2761	309	83
350	9.12672	0.478321	-17.2761	309	83
351	8.77925	-0.145202	-17.6199	308	83
352	8.77925	-0.145202	-17.6199	308	83
353	8.77925	-0.145202	-17.6199	308	83
354	8.77925	-0.145202	-17.6199	308	83
355	8.77925	-0.145202	-17.6199	308	83
356	8.77925	-0.145202	-17.6199	308	83
357	8.73552	-0.125039	-17.5797	308	83
358	8.73552	-0.125039	-17.5797	308	83
359	8.19181	-0.556516	-17.9753	308	83
360	8.19181	-0.556516	-17.9753	308	83
361	8.19181	-0.556516	-17.9753	308	83
362	8.19817	-0.57866	-17.9312	308	83
363	8.19817	-0.57866	-17.9312	308	83
364	8.19817	-0.57866	-17.9312	308	83
365	8.80462	-0.549132	-17.694	308	83
366	8.80462	-0.549132	-17.694	308	83
367	8.80462	-0.549132	-17.694	308	83
368	8.80462	-0.549132	-17.694	308	83
369	8.80462	-0.549132	-17.694	308	83
370	8.28395	-0.486913	-18.086	308	82
371	8.28395	-0.486913	-18.086	308	82
372	8.95882	-0.496295	-17.6566	308	83
373	8.95882	-0.496295	-17.6566	308	83
374	8.95882	-0.496295	-17.6566	308	83
375	9.56731	-0.475754	-17.138	309	83
376	9.56731	-0.475754	-17.138	309	83
377	9.56731	-0.475754	-17.138	309	83
378	9.56731	-0.475754	-17.138	309	83
379	9.56731	-0.475754	-17.138	309	83
380	9.56731	-0.475754	-17.138	309	83
381	9.56731	-0.475754	-17.138	309	83
382	9.56731	-0.475754	-17.138	309	83
383	9.56731	-0.475754	-17.138	309	83
384	10.2728	-0.498623	-16.7625	310	84
385	10.2728	-0.498623	-16.7625	310	84
386	10.2728	-0.498623	-16.7625	310	84
387	10.2728	-0.498623	-16.7625	310	84
388	10.2728	-0.498623	-16.7625	310	84
389	10.2728	-0.498623	-16.7625	310	84
390	10.2728	-0.498623	-16.7625	310	84
391	10.2728	-0.498623	-16.7625	310	84
392	10.2728	-0.498623	-16.7625	310	84
393	10.2728	-0.498623	-16.7625	310	84
394	10.2728	-0.498623	-16.7625	310	84
395	10.2728	-0.498623	-16.7625	310	84
396	10.2728	-0.498623	-16.7625	310	84
397	10.2728	-0.498623	-16.7625	310	84
398	10.2728	-0.498623	-16.7625	310	84
399	10.2728	-0.498623	-16.7625	310	84
400	10.2728	-0.498623	-16.7625	310	84
401	10.2728	-0.498623	-16.7625	310	84
402	10.2728	-0.498623	-16.7625	310	84
403	10.2728	-0.498623	-16.7625	310	84
404	10.2728	-0.498623	-16.7625	310	84
405	10.2728	-0.498623	-16.7625	310	84
406	10.2728	-0.498623	-16.7625	310	84
407	10.6984	-0.483104	-16.9215	310	84
408	10.6984	-0.483104	-16.9215	310	84
409	10.6984	-0.483104	-16.9215	310	84
410	9.98237	-0.480541	-17.2781	309	83
411	9.97391	-0.413416	-17.6463	309	83
412	9.6728	-0.079142	-17.6677	309	83
413	9.80333	-0.32001	-17.2922	309	83
414	9.85141	0.370435	-17.6933	309	83
415	10.22	0.923426	-18.1249	310	82
416	10.5035	1.54604	-18.5391	310	82
417	10.5035	1.54604	-18.5391	310	82
418	10.7831	2.04859	-19.0896	310	81
419	10.7831	2.04859	-19.0896	310	81
420	11.1087	2.63872	-19.5189	311	81
421	11.4365	3.17518	-20.0094	311	80
422	11.8076	3.78257	-20.3744	311	80
423	12.1701	4.43161	-20.6663	312	80
424	12.4983	5.01421	-21.1053	312	79
425	12.4983	5.01421	-21.1053	312	79
426	12.9206	5.60185	-21.4452	312	79
427	13.3236	6.20694	-21.7789	313	79
428	13.6713	6.81559	-22.1643	313	78
429	14.0762	7.43827	-22.4567	314	78
430	14.2738	6.98646	-23.0863	314	77
431	14.4878	6.5767	-23.7392	314	77
432	14.684	6.18065	-24.4058	314	76
433	14.839	5.72798	-25.0449	314	75
434	14.839	5.72798	-25.0449	314	75
435	14.839	5.72798	-25.0449	314	75
436	15.2205	6.12662	-25.6239	315	75
437	15.5454	6.61081	-26.1713	315	74
438	15.8793	7.05248	-26.748	315	74
439	16.2484	7.43134	-27.3478	316	73
440	16.6222	7.85994	-27.9099	316	73
441	17.0311	8.26583	-28.4643	317	72
442	17.4365	8.66716	-29.0252	317	71
443	17.835	9.00061	-29.6302	317	71
444	18.2115	9.51829	-30.0912	318	70
445	18.7093	9.9471	-30.2094	318	70
446	18.7093	9.9471	-30.2094	318	70
447	18.7093	9.9471	-30.2094	318	70
448	18.6821	10.4693	-30.808	318	70
449	18.6821	10.4693	-30.808	318	70
450	18.1114	10.3207	-30.986	318	70
451	18.416	10.5712	-30.6792	318	70
452	18.1634	11.1875	-30.2516	318	70
453	18.2064	11.8102	-29.8463	318	71
454	18.2064	11.8102	-29.8463	318	71
455	18.2064	11.8102	-29.8463	318	71
456	18.2064	11.8102	-29.8463	318	71
457	18.6622	12.3373	-29.5548	318	71
458	18.2974	12.0198	-30.0634	318	70
459	18.2974	12.0198	-30.0634	318	70
460	18.2974	12.0198	-30.0634	318	70
461	18.3094	11.9916	-30.0403	318	70
462	18.1468	12.5899	-29.5402	318	71
463	18.1393	12.5736	-29.5106	318	71
464	18.3606	13.1445	-29.0013	318	71
465	18.2882	12.3591	-29.1211	318	71
466	18.2882	12.3591	-29.1211	318	71
467	18.2882	12.3591	-29.1211	318	71
468	18.2882	12.3591	-29.1211	318	71
469	18.2882	12.3591	-29.1211	318	71
470	18.2882	12.3591	-29.1211	318	71
471	18.289	12.357	-29.1101	318	71
472	18.289	12.357	-29.1101	318	71
473	18.289	12.357	-29.1101	318	71
474	18.289	12.357	-29.1101	318	71
475	18.289	12.357	-29.1101	318	71
476	18.289	12.357	-29.1101	318	71
477	18.289	12.357	-29.1101	318	71
478	18.3866	13.1276	-28.9212	318	72
479	18.3866	13.1276	-28.9212	318	72
480	18.3866	13.1276	-28.9212	318	72
481	18.3866	13.1276	-28.9212	318	72
482	18.3866	13.1276	-28.9212	318	72
483	18.3866	13.1276	-28.9212	318	72
484	18.3866	13.1276	-28.9212	318	72
485	18.3866	13.1276	-28.9212	318	72
486	18.3866	13.1276	-28.9212	318	72
487	18.3866	13.1276	-28.9212	318	72
488	18.3866	13.1276	-28.9212	318	72
489	18.3866	13.1276	-28.9212	318	72
490	18.3866	13.1276	-28.9212	318	72
491	18.3866	13.1276	-28.9212	318	72
492	18.3866	13.1276	-28.9212	318	72
493	18.3866	13.1276	-28.9212	318	72
494	18.3866	13.1276	-28.9212	318	72
495	18.3866	13.1276	-28.9212	318	72
496	18.3866	13.1276	-28.9212	318	72
497	18.3866	13.1276	-28.9212	318	72
498	18.5045	13.2594	-28.9	318	72
499	18.5045	13.2594	-28.9	318	72
500	18.5045	13.2594	-28.9	318	72
501	19.0206	13.6552	-28.927	319	72
502	19.0206	13.6552	-28.927	319	72
503	19.0206	13.6552	-28.927	319	72
504	19.3603	13.9575	-28.629	319	72
505	19.5568	13.5821	-29.1565	319	71
506	18.8817	13.5856	-29.5125	318	71
507	18.8817	13.5856	-29.5125	318	71
508	18.8817	13.5856	-29.5125	318	71
509	19.6555	13.7369	-29.3785	319	71
510	19.6555	13.7369	-29.3785	319	71
511	20.0581	14.1057	-29.0537	320	71
512	19.9827	13.3543	-28.7931	319	72
513	20.1602	12.803	-28.9616	320	72
514	20.2407	12.3028	-29.1557	320	71
515	20.3719	12.7627	-28.9256	320	72
516	20.5486	13.5181	-29.0736	320	71
517	20.7527	14.2063	-29.4214	320	71
518	20.7527	14.2063	-29.4214	320	71
519	20.7123	14.1943	-29.4724	320	71
520	20.8324	14.9234	-29.7736	320	71
521	21.0208	15.6112	-30.1357	321	70
522	21.2212	16.2836	-30.5191	321	70
523	21.436	16.9535	-30.8992	321	70
524	21.5818	17.5744	-31.3819	321	69
525	21.8184	18.2147	-31.7991	321	69
526	22.0352	18.9072	-32.1353	322	68
527	22.2225	19.5693	-32.5434	322	68
528	22.2225	19.5693	-32.5434	322	68
529	22.3728	20.2177	-32.9835	322	68
530	22.5761	20.8729	-33.394	322	67
531	22.5761	20.8729	-33.394	322	67
532	22.5414	21.5317	-33.8405	322	67
533	22.5414	21.5317	-33.8405	322	67
534	22.5414	21.5317	-33.8405	322	67
535	22.743	22.229	-34.1752	322	66
536	22.9648	22.9151	-34.5214	322	66
537	23.1256	23.5963	-34.9068	323	66
538	23.2711	24.3033	-35.2492	323	65
539	23.424	24.9951	-35.6199	323	65
540	23.6269	25.7032	-35.9318	323	65
541	23.8	26.4104	-36.2629	323	64
542	23.9948	27.1125	-36.5929	323	64
543	24.2145	27.8093	-36.9187	324	64
544	24.4051	28.4905	-37.2918	324	63
545	24.5615	29.1747	-37.6719	324	63
546	24.7104	29.8832	-38.0077	324	62
547	24.7104	29.8832	-38.0077	324	62
548	24.7104	29.8832	-38.0077	324	62
549	24.9001	30.5988	-38.2919	324	62
550	24.9732	31.1236	-38.1304	324	62
551	24.6766	30.7023	-38.24	324	62
552	24.6766	30.7023	-38.24	324	62
553	25.2377	30.1509	-38.2812	325	62
554	25.2377	30.1509	-38.2812	325	62
555	24.7657	30.3155	-38.5619	324	62
556	24.4735	30.8755	-38.0722	324	62
557	24.4735	30.8755	-38.0722	324	62
558	24.2664	31.5057	-37.6255	324	63
559	24.2664	31.5057	-37.6255	324	63
560	24.2664	31.5057	-37.6255	324	63
561	24.2664	31.5057	-37.6255	324	63
562	24.2664	31.5057	-37.6255	324	63
563	24.2664	31.5057	-37.6255	324	63
564	24.2664	31.5057	-37.6255	324	63
565	24.2664	31.5057	-37.6255	324	63
566	24.2664	31.5057	-37.6255	324	63
567	24.2664	31.5057	-37.6255	324	63
568	24.2664	31.5057	-37.6255	324	63
569	24.2664	31.5057	-37.6255	324	63
570	24.2664	31.5057	-37.6255	324	63
571	24.2664	31.5057	-37.6255	324	63
572	24.2664	31.5057	-37.6255	324	63
573	24.251	31.5073	-37.6281	324	63
574	24.1527	30.7675	-37.3429	324	63
575	24.1527	30.7675	-37.3429	324	63
576	24.1527	30.7675	-37.3429	324	63
577	24.1527	30.7675	-37.3429	324	63
578	24.1527	30.7675	-37.3429	324	63
579	24.1527	30.7675	-37.3429	324	63
580	24.1527	30.7675	-37.3429	324	63
581	24.1527	30.7675	-37.3429	324	63
582	24.1527	30.7675	-37.3429	324	63
583	24.1527	30.7675	-37.3429	324	63
584	24.1527	30.7675	-37.3429	324	63
585	24.1527	30.7675	-37.3429	324	63
586	24.1527	30.7675	-37.3429	324	63
587	24.1527	30.7675	-37.3429	324	63
588	24.0209	30.0297	-37.0637	324	63
589	24.0209	30.0297	-37.0637	324	63
590	24.0209	30.0297	-37.0637	324	63
591	24.0209	30.0297	-37.0637	324	63
592	24.0209	30.0297	-37.0637	324	63
593	24.0209	30.0297	-37.0637	324	63
594	24.0209	30.0297	-37.0637	324	63
595	24.0209	30.0297	-37.0637	324	63
596	24.0209	30.0297	-37.0637	324	63
597	24.0209	30.0297	-37.0637	324	63
598	24.0209	30.0297	-37.0637	324	63
599	24.0209	30.0297	-37.0637	324	63
600	23.9713	29.2916	-36.8195	323	64
601	24.1011	29.8415	-36.714	324	64
602	24.1011	29.8415	-36.714	324	64
603	23.907	30.4673	-36.5433	323	64
604	23.6577	30.8669	-35.9606	323	65
605	23.1635	30.9065	-36.0143	323	64
606	22.682	31.2806	-35.5229	322	65
607	22.682	31.2806	-35.5229	322	65
608	22.682	31.2806	-35.5229	322	65
609	22.4524	31.6827	-35.3878	322	65
610	22.4524	31.6827	-35.3878	322	65
611	22.4524	31.6827	-35.3878	322	65
612	21.8343	31.9553	-35.3571	321	65
613	21.2233	32.1143	-34.8661	321	66
614	21.4162	31.848	-34.1499	321	66
615	21.6112	31.4849	-33.4649	321	67
616	21.9011	31.042	-32.8652	321	68
617	22.2503	30.6015	-32.2965	322	68
618	22.6142	30.175	-31.7266	322	69
619	22.9346	29.7132	-31.1577	322	69
620	23.2211	29.2518	-30.5706	323	70
621	23.4132	28.7678	-29.9633	323	71
622	23.712	28.3541	-29.3476	323	71
623	23.9345	27.9358	-28.7042	323	72
624	24.1541	27.5567	-28.0357	324	72
625	24.3611	27.1854	-27.3583	324	73
626	24.4667	26.7754	-26.6797	324	74
627	24.4515	26.5757	-25.9068	324	75
628	24.4515	26.5757	-25.9068	324	75
629	24.4515	26.5757	-25.9068	324	75
630	24.6287	26.0659	-25.3167	324	75
631	24.071	26.6283	-25.2093	324	75
632	24.071	26.6283	-25.2093	324	75
633	24.071	26.6283	-25.2093	324	75
634	23.4401	26.6024	-25.1521	323	75
635	22.9287	26.6399	-25.0875	322	75
636	22.6203	26.532	-24.4777	322	76
637	22.6203	26.532	-24.4777	322	76
638	22.4519	26.4632	-24.3591	322	76
639	21.8932	26.8849	-24.0245	321	76
640	21.2249	27.0473	-23.6333	321	77
641	20.6666	27.5999	-23.4818	320	77
642	20.6666	27.5999	-23.4818	320	77
643	20.6666	27.5999	-23.4818	320	77
644	20.126	27.5225	-23.4075	320	77
645	20.126	27.5225	-23.4075	320	77
646	20.126	27.5225	-23.4075	320	77
647	20.209	28.2399	-23.7381	320	77
648	20.4397	28.3864	-24.0802	320	76
649	20.5779	28.8809	-24.6815	320	76
650	20.5779	28.8809	-24.6815	320	76
651	20.5779	28.8809	-24.6815	320	76
652	20.9407	29.0944	-25.0736	320	75
653	20.9407	29.0944	-25.0736	320	75
654	20.9407	29.0944	-25.0736	320	75
655	20.9407	29.0944	-25.0736	320	75
656	20.985	29.1232	-25.7199	320	75
657	20.985	29.1232	-25.7199	320	75
658	20.985	29.1232	-25.7199	320	75
659	21.4259	29.1465	-25.0724	321	75
660	21.1995	29.2456	-24.6407	321	76
661	21.0533	29.3879	-24.1258	321	76
662	20.8535	29.4132	-24.8048	320	76
663	20.8535	29.4132	-24.8048	320	76
664	20.8535	29.4132	-24.8048	320	76
665	20.3196	29.9649	-24.7468	320	76
666	20.0197	30.1771	-25.1817	320	75
667	19.6758	29.8916	-25.8389	319	75
668	19.5385	29.6451	-26.4923	319	74
669	20.2784	29.93	-26.5568	320	74
670	20.2784	29.93	-26.5568	320	74
671	20.1888	29.9846	-27.0779	320	73
672	20.1888	29.9846	-27.0779	320	73
673	20.1888	29.9846	-27.0779	320	73
674	19.6165	30.3601	-27.1672	319	73
675	20.2543	30.0368	-27.4882	320	73
676	20.8531	29.8475	-27.417	320	73
677	21.1311	29.3059	-27.3676	321	73
678	21.5747	29.1159	-27.1651	321	73
679	21.5747	29.1159	-27.1651	321	73
680	21.9338	28.7172	-27.0922	321	73
681	22.3744	28.2956	-26.9244	322	74
682	21.8266	27.9684	-27.0117	321	73
683	21.8266	27.9684	-27.0117	321	73
684	21.3125	27.7187	-26.4527	321	74
685	21.3125	27.7187	-26.4527	321	74
686	21.1524	27.2417	-26.2674	321	74
687	20.6169	27.0592	-25.7033	320	75
688	20.0713	26.6992	-25.2564	320	75
689	19.6564	26.2475	-25.3297	319	75
690	19.6564	26.2475	-25.3297	319	75
691	19.0704	25.8935	-24.9491	319	76
692	19.0767	25.3601	-24.6421	319	76
693	19.0767	25.3601	-24.6421	319	76
694	19.4208	25.3543	-24.8626	319	76
695	19.8196	25.7929	-25.17	319	75
696	19.8196	25.7929	-25.17	319	75
697	19.8267	25.2459	-25.3974	319	75
698	20.207	25.3771	-25.8064	320	75
699	20.5544	24.7739	-25.8952	320	75
700	20.5544	24.7739	-25.8952	320	75
701	21.0409	24.3775	-26.3351	321	74
702	21.3365	24.7712	-26.2467	321	74
703	21.6315	24.338	-25.966	321	75
704	21.6315	24.338	-25.966	321	75
705	21.6315	24.338	-25.966	321	75
706	21.6315	24.338	-25.966	321	75
707	21.3111	23.6951	-25.6655	321	75
708	21.3111	23.6951	-25.6655	321	75
709	21.7645	24.009	-25.8559	321	75
710	22.2557	23.9855	-26.0328	322	74
711	22.2557	23.9855	-26.0328	322	74
712	22.2557	23.9855	-26.0328	322	74
713	22.2557	23.9855	-26.0328	322	74
714	22.2557	23.9855	-26.0328	322	74
715	22.2806	23.8986	-26.5557	322	74
716	22.2806	23.8986	-26.5557	322	74
717	22.1196	23.9093	-27.0774	322	73
718	21.8922	23.9243	-27.4295	321	73
719	21.5779	23.8027	-27.0041	321	73
720	21.5779	23.8027	-27.0041	321	73
721	21.0004	23.2505	-26.9677	321	74
722	20.8537	23.823	-26.8403	320	74
723	21.1678	24.2196	-26.9118	321	74
724	21.1678	24.2196	-26.9118	321	74
725	21.3732	24.5991	-27.0095	321	73
726	21.3732	24.5991	-27.0095	321	73
727	21.3732	24.5991	-27.0095	321	73
728	21.5508	25.0798	-27.5784	321	73
729	21.9047	25.227	-27.7873	321	73
730	22.3002	25.4028	-27.9542	322	73
731	22.7698	24.8855	-28.299	322	72
732	22.8566	24.8211	-28.4707	322	72
733	22.8566	24.8211	-28.4707	322	72
734	23.4354	24.9914	-28.427	323	72
735	23.4354	24.9914	-28.427	323	72
736	23.6731	24.8197	-28.0613	323	72
737	23.826	25.3859	-28.0297	323	72
738	23.826	25.3859	-28.0297	323	72
739	23.7265	24.8858	-28.2699	323	72
740	23.7265	24.8858	-28.2699	323	72
741	24.4684	25.1601	-28.3896	324	72
742	24.4684	25.1601	-28.3896	324	72
743	24.1642	24.7311	-28.6957	324	72
744	24.3975	24.8147	-28.7942	324	72
745	24.6736	24.3885	-28.4382	324	72
746	25.1983	24.5545	-27.8599	325	73
747	25.1983	24.5545	-27.8599	325	73
748	25.3508	24.6378	-27.8975	325	73
749	25.3508	24.6378	-27.8975	325	73
750	25.3508	24.6378	-27.8975	325	73
751	25.4438	24.6176	-27.9598	325	73
752	25.4438	24.6176	-27.9598	325	73
753	25.3447	24.4123	-27.5753	325	73
754	25.2513	23.6693	-27.3368	325	73
755	24.7594	24.1138	-27.296	324	73
756	25.1293	24.5466	-27.2926	325	73
757	24.9685	24.6938	-27.6675	324	73
758	25.3767	25.2171	-27.7239	325	73
759	25.3767	25.2171	-27.7239	325	73
760	25.2306	25.4091	-27.6737	325	73
761	25.5768	26.0293	-27.9576	325	73
762	25.5747	25.9613	-27.4361	325	73
763	25.5747	25.9613	-27.4361	325	73
764	25.3292	26.0022	-26.9797	325	74
765	25.3292	26.0022	-26.9797	325	74
766	25.3292	26.0022	-26.9797	325	74
767	25.7342	26.204	-27.22	325	73
768	25.7342	26.204	-27.22	325	73
769	25.6985	26.2462	-27.2851	325	73
770	25.8173	26.578	-27.96	325	73
771	25.0983	26.7877	-27.7144	325	73
772	25.0983	26.7877	-27.7144	325	73
773	25.0983	26.7877	-27.7144	325	73
774	25.0983	26.7877	-27.7144	325	73
775	25.6325	26.3593	-27.5919	325	73
776	25.3444	26.4136	-27.8485	325	73
777	25.3444	26.4136	-27.8485	325	73
778	25.7856	26.6901	-27.7158	325	73
779	25.7856	26.6901	-27.7158	325	73
780	25.0725	26.4492	-27.9838	325	73
781	25.0725	26.4492	-27.9838	325	73
782	25.0725	26.4492	-27.9838	325	73
783	25.588	26.3087	-27.8971	325	73
784	25.9938	26.7284	-28.0157	325	72
785	26.4971	26.9157	-28.1857	326	72
786	26.4971	26.9157	-28.1857	326	72
787	26.3913	26.4397	-28.3486	326	72
788	26.2886	26.2789	-28.8476	326	72
789	26.2886	26.2789	-28.8476	326	72
790	26.2886	26.2789	-28.8476	326	72
791	26.2261	25.9875	-29.3145	326	71
792	26.08	25.494	-28.8356	326	72
793	25.8464	25.8545	-28.5354	325	72
794	25.9336	25.797	-28.9094	325	72
795	25.9336	25.797	-28.9094	325	72
796	25.9336	25.797	-28.9094	325	72
797	25.9336	25.797	-28.9094	325	72
798	26.1749	25.9317	-29.4545	326	71
799	26.3944	26.1368	-30.0142	326	70
800	26.3662	26.5445	-29.572	326	71
801	26.3662	26.5445	-29.572	326	71
802	26.3662	26.5445	-29.572	326	71
803	26.3662	26.5445	-29.572	326	71
804	26.3662	26.5445	-29.572	326	71
805	25.8058	26.9686	-29.3278	325	71
806	25.8058	26.9686	-29.3278	325	71
807	25.9242	26.8341	-29.6463	325	71
808	26.1373	26.51	-30.0588	326	70
809	25.8696	26.0425	-29.8936	325	71
810	25.9126	25.8496	-29.3527	325	71
811	25.9126	25.8496	-29.3527	325	71
812	25.5135	25.8662	-28.8538	325	72
813	25.3853	25.2807	-28.8306	325	72
814	25.3087	25.0433	-28.6205	325	72
815	25.3857	25.2915	-28.7651	325	72
816	25.5186	25.65	-29.2801	325	71
817	26.1709	25.7972	-29.3741	326	71
818	26.3049	25.6662	-28.7793	326	72
819	26.3049	25.6662	-28.7793	326	72
820	26.3049	25.6662	-28.7793	326	72
821	25.975	25.5167	-29.1397	325	71
822	25.975	25.5167	-29.1397	325	71
823	26.3581	25.5769	-29.3609	326	71
824	26.4932	26.1306	-28.8106	326	72
825	26.1477	26.3344	-28.4214	326	72
826	26.1477	26.3344	-28.4214	326	72
827	26.1477	26.3344	-28.4214	326	72
828	26.031	25.7449	-28.9415	326	72
829	26.031	25.7449	-28.9415	326	72
830	26.2734	26.3749	-29.2574	326	71
831	26.2734	26.3749	-29.2574	326	71
832	26.2734	26.3749	-29.2574	326	71
833	26.7432	26.7074	-29.0851	326	71
834	26.1623	27.1854	-29.3436	326	71
835	26.1623	27.1854	-29.3436	326	71
836	26.7063	27.2994	-29.3389	326	71
837	27.2422	26.7657	-29.2105	327	71
838	27.2422	26.7657	-29.2105	327	71
839	27.6432	27.2428	-28.8957	327	72
840	27.1801	27.3135	-29.1995	327	71
841	27.2657	27.5644	-28.9859	327	72
842	27.2657	27.5644	-28.9859	327	72
843	27.3921	27.9995	-28.6517	327	72
844	28.0894	28.3375	-28.5667	328	72
845	28.0894	28.3375	-28.5667	328	72
846	28.0894	28.3375	-28.5667	328	72
847	28.5018	28.4438	-28.1822	328	72
848	28.7539	27.8956	-28.0521	328	72
849	28.8279	27.3255	-27.9142	328	73
850	28.3392	27.4637	-27.936	328	73
851	28.3392	27.4637	-27.936	328	73
852	28.5539	27.5168	-28.6987	328	72
853	28.7828	27.7979	-28.4512	328	72
854	28.7828	27.7979	-28.4512	328	72
855	28.7828	27.7979	-28.4512	328	72
856	28.7828	27.7979	-28.4512	328	72
857	29.2442	27.988	-28.6517	329	72
858	29.7611	27.8774	-28.9127	329	72
859	29.6817	28.3687	-28.2877	329	72
860	29.4728	28.8302	-27.682	329	73
861	29.6677	28.9769	-27.9533	329	73
862	29.8297	28.2705	-28.2852	329	72
863	30.1882	28.81	-28.7478	330	72
864	30.1882	28.81	-28.7478	330	72
865	29.9947	29.1914	-29.0771	329	71
866	29.9947	29.1914	-29.0771	329	71
867	29.9947	29.1914	-29.0771	329	71
868	29.9947	29.1914	-29.0771	329	71
869	30.5942	29.1224	-28.8051	330	72
870	30.571	29.2587	-29.0933	330	71
871	30.3982	28.7751	-29.7009	330	71
872	31.0152	29.1941	-29.8981	331	71
873	31.012	29.2346	-30.4168	331	70
874	30.9493	28.7729	-30.8188	330	70
875	31.0533	28.2909	-31.4321	331	69
876	31.2272	28.9576	-31.8181	331	69
877	31.2272	28.9576	-31.8181	331	69
878	30.5325	29.1335	-32.1706	330	68
879	30.0904	28.6731	-32.2962	330	68
880	30.0904	28.6731	-32.2962	330	68
881	30.4198	28.2088	-31.8141	330	69
882	31.1259	28.5324	-31.7657	331	69
883	31.2063	28.5703	-31.7413	331	69
884	31.4321	28.1081	-31.146	331	69
885	31.8886	27.8199	-30.7791	331	70
886	31.2491	27.471	-31.0768	331	69
887	31.2491	27.471	-31.0768	331	69
888	30.5568	27.3219	-31.4478	330	69
889	30.5568	27.3219	-31.4478	330	69
890	31.1321	27.1772	-31.5685	331	69
891	31.1562	27.0273	-31.6201	331	69
892	31.1562	27.0273	-31.6201	331	69
893	30.5691	26.7887	-32.1069	330	68
894	30.5691	26.7887	-32.1069	330	68
895	30.1878	27.0327	-32.4268	330	68
896	29.543	26.7708	-32.8205	329	68
897	29.543	26.7708	-32.8205	329	68
898	29.543	26.7708	-32.8205	329	68
899	29.9569	27.0312	-33.2009	329	67
900	29.9569	27.0312	-33.2009	329	67
901	30.0404	26.2919	-33.0374	330	67
902	29.9012	26.0453	-32.7255	329	68
903	30.1316	25.7536	-32.3283	330	68
904	29.9853	25.3718	-31.7289	329	69
905	29.9853	25.3718	-31.7289	329	69
906	30.1122	24.6018	-31.572	330	69
907	30.2944	24.6884	-30.8004	330	70
908	30.2945	24.1966	-30.9793	330	70
909	30.7773	23.6994	-30.9329	330	70
910	30.7773	23.6994	-30.9329	330	70
911	31.1823	23.0546	-30.6882	331	70
912	31.7217	23.3962	-30.939	331	70
913	31.4171	24.1138	-30.9588	331	70
914	31.1293	24.3941	-31.2087	331	69
915	31.1293	24.3941	-31.2087	331	69
916	31.1293	24.3941	-31.2087	331	69
917	31.1293	24.3941	-31.2087	331	69
918	30.5881	24.2893	-31.1828	330	69
919	30.9359	24.3609	-30.8368	330	70
920	31.215	24.5346	-30.3985	331	70
921	31.0944	24.3447	-30.9381	331	70
922	31.0944	24.3447	-30.9381	331	70
923	30.5442	24.212	-31.4989	330	69
924	30.6311	24.7332	-31.3592	330	69
925	30.6311	24.7332	-31.3592	330	69
926	30.6311	24.7332	-31.3592	330	69
927	30.6144	25.0888	-30.9004	330	70
928	30.9889	25.6693	-31.2674	330	69
929	30.455	25.4176	-31.4365	330	69
930	30.0773	25.2263	-31.0608	330	69
931	30.3955	24.8191	-31.1301	330	69
932	30.3955	24.8191	-31.1301	330	69
933	30.284	24.0547	-30.99	330	70
934	30.1197	23.2769	-30.9854	330	70
935	30.419	22.8507	-30.7891	330	70
936	30.956	22.574	-30.8044	330	70
937	30.956	22.574	-30.8044	330	70
938	31.3706	22.3935	-31.1142	331	69
939	31.8837	22.1222	-31.0736	331	69
940	31.372	22.6817	-30.8204	331	70
941	31.8125	22.47	-30.2134	331	70
942	31.8125	22.47	-30.2134	331	70
943	31.8125	22.47	-30.2134	331	70
944	32.4311	22.2688	-29.8181	332	71
945	32.4311	22.2688	-29.8181	332	71
946	32.1117	21.9532	-30.0594	332	70
947	31.7469	22.2564	-29.9024	331	71
948	31.5846	22.3908	-30.2364	331	70
949	31.3263	22.7126	-30.8078	331	70
950	30.7087	23.15	-30.8844	330	70
951	30.7087	23.15	-30.8844	330	70
952	30.7223	23.2969	-31.0674	330	69
953	30.7223	23.2969	-31.0674	330	69
954	30.9302	23.134	-30.7376	330	70
955	30.9302	23.134	-30.7376	330	70
956	30.9302	23.134	-30.7376	330	70
957	31.1127	22.6347	-31.197	331	69
958	31.1127	22.6347	-31.197	331	69
959	31.4135	22.8267	-30.7128	331	70
960	31.6607	22.655	-30.3798	331	70
961	32.2504	23.154	-30.173	332	70
962	31.7565	23.0163	-30.2162	331	70
963	30.9822	22.9863	-30.4073	330	70
964	31.1733	23.113	-31.1635	331	69
965	31.1733	23.113	-31.1635	331	69
966	31.1165	22.7597	-31.397	331	69
967	31.1165	22.7597	-31.397	331	69
968	30.9643	22.3793	-31.8129	330	69
969	31.1302	21.9113	-32.1418	331	68
970	31.1325	21.4659	-32.016	331	68
971	31.1325	21.4659	-32.016	331	68
972	31.1325	21.4659	-32.016	331	68
973	31.1325	21.4659	-32.016	331	68
974	31.1325	21.4659	-32.016	331	68
975	31.4679	21.3809	-32.7372	331	68
976	31.4493	21.0483	-32.8883	331	68
977	32.0036	20.9972	-33.454	332	67
978	32.4144	20.8726	-34.1239	332	66
979	32.0493	20.7843	-34.7007	332	66
980	32.1442	20.3903	-34.9142	332	66
981	32.1442	20.3903	-34.9142	332	66
982	32.5098	20.6525	-35.2027	332	65
983	33.0815	20.5963	-35.4518	333	65
984	33.1662	21.0092	-36.1274	333	64
985	33.1662	21.0092	-36.1274	333	64
986	33.5363	20.3407	-36.3483	333	64
987	33.9236	20.185	-36.1519	333	64
988	34.493	20.0067	-35.9214	334	65
989	34.493	20.0067	-35.9214	334	65
990	34.493	20.0067	-35.9214	334	65
991	34.6789	20.2096	-36.6587	334	64
992	34.1737	20.347	-36.6997	334	64
993	34.4373	20.1668	-36.3366	334	64
994	34.7556	19.8857	-36.2196	334	64
995	35.2359	20.2536	-36.5189	335	64
996	35.0104	20.4967	-36.8533	335	64
997	34.6504	20.7352	-37.295	334	63
998	34.5538	21.3508	-37.5914	334	63
999	34.5538	21.3508	-37.5914	334	63
1000	34.7138	20.9245	-36.9722	334	64
